"use strict";
Object.defineProperty(exports, "__esModule", { value: true });
exports.SPACE_MATRICES = exports.ADAPTIVE_MATRICES = exports.BRADFORD_CONE_RESPONCE_DOMAINS = exports.REFERENCE_WHITES = exports.L_INVERSE_NORMALIZED_BELOW = exports.SRGB_NORMALIZED_BELOW = exports.SRGB_INVERSE_NORMALIZED_BELOW = exports.CIE_κ = exports.CIE_ϵ = exports.MAX_DECIMALS = void 0;
exports.MAX_DECIMALS = 6;
exports.CIE_ϵ = 0.008856;
exports.CIE_κ = 903.3;
exports.SRGB_INVERSE_NORMALIZED_BELOW = 0.04045;
exports.SRGB_NORMALIZED_BELOW = 0.0031308;
exports.L_INVERSE_NORMALIZED_BELOW = 0.08;
exports.REFERENCE_WHITES = {
    A: { X: 1.0985, Y: 1, Z: 0.35585 },
    B: { X: 0.99072, Y: 1, Z: 0.85223 },
    C: { X: 0.98074, Y: 1, Z: 1.18232 },
    D50: { X: 0.96422, Y: 1, Z: 0.82521 },
    D55: { X: 0.95682, Y: 1, Z: 0.92149 },
    D65: { X: 0.95047, Y: 1, Z: 1.08883 },
    D75: { X: 0.94972, Y: 1, Z: 1.22638 },
    E: { X: 1, Y: 1, Z: 1 },
    E2: { X: 0.99186, Y: 1, Z: 0.67393 },
    E7: { X: 0.95041, Y: 1, Z: 1.08747 },
    E11: { X: 1.00962, Y: 1, Z: 0.6435 },
};
exports.BRADFORD_CONE_RESPONCE_DOMAINS = {
    MA: [
        [0.8951, 0.2664, -0.1614],
        [-0.7502, 1.7135, 0.0367],
        [0.0389, -0.0685, 1.0296],
    ],
    MA_1: [
        [0.9869929, -0.1470543, 0.1599627],
        [0.4323053, 0.5183603, 0.0492912],
        [-0.0085287, 0.0400428, 0.9684867],
    ],
};
exports.ADAPTIVE_MATRICES = {
    C_D65: [
        [0.9904476, -0.0071683, -0.0116156],
        [-0.0123712, 1.015595, -0.0029282],
        [-0.0035635, 0.0067697, 0.9181569],
    ],
    D50_D65: [
        [0.9555766, -0.0230393, 0.0631636],
        [-0.0282895, 1.0099416, 0.0210077],
        [0.0122982, -0.020483, 1.3299098],
    ],
    D65_C: [
        [1.0097785, 0.0070419, 0.0127971],
        [0.0123113, 0.9847094, 0.0032962],
        [0.0038284, -0.0072331, 1.0891639],
    ],
    D65_D50: [
        [1.0478112, 0.0228866, -0.050127],
        [0.0295424, 0.9904844, -0.0170491],
        [-0.0092345, 0.0150436, 0.7521316],
    ],
    D65_E: [
        [1.0502616, 0.0270757, -0.0232523],
        [0.039065, 0.9729502, -0.0092579],
        [-0.0024047, 0.0026446, 0.9180873],
    ],
    E_D65: [
        [0.9531874, -0.0265906, 0.0238731],
        [-0.0382467, 1.0288406, 0.009406],
        [0.0026068, -0.0030332, 1.0892565],
    ],
};
exports.SPACE_MATRICES = {
    ADOBE_RGB_1998: {
        RGB_TO_XYZ: {
            X: { r: 0.5767309, g: 0.185554, b: 0.1881852 },
            Y: { r: 0.2973769, g: 0.6273491, b: 0.0752741 },
            Z: { r: 0.0270343, g: 0.0706872, b: 0.9911085 },
        },
        XYZ_TO_RGB: {
            R: { x: 2.041369, y: -0.5649464, z: -0.3446944 },
            G: { x: -0.969266, y: 1.8760108, z: 0.041556 },
            B: { x: 0.0134474, y: -0.1183897, z: 1.0154096 },
        },
        REFERENCE_WHITE: "D65",
        GAMMA: 2.2,
    },
    APPLE_RGB: {
        RGB_TO_XYZ: {
            X: { r: 0.4497288, g: 0.3162486, b: 0.1844926 },
            Y: { r: 0.2446525, g: 0.6720283, b: 0.0833192 },
            Z: { r: 0.0251848, g: 0.1411824, b: 0.9224628 },
        },
        XYZ_TO_RGB: {
            R: { x: 2.9515373, y: -1.2894116, z: -0.4738445 },
            G: { x: -1.0851093, y: 1.9908566, z: 0.0372026 },
            B: { x: 0.0854934, y: -0.2694964, z: 1.0912975 },
        },
        REFERENCE_WHITE: "D65",
        GAMMA: 1.8,
    },
    BEST_RGB: {
        RGB_TO_XYZ: {
            X: { r: 0.6326696, g: 0.2045558, b: 0.1269946 },
            Y: { r: 0.2284569, g: 0.7373523, b: 0.04 },
            Z: { r: 0.0, g: 0.0095142, b: 0.8156958 },
        },
        XYZ_TO_RGB: {
            R: { x: 1.7552599, y: -0.4836786, z: -0.253 },
            G: { x: -0.5441336, y: 1.5068789, z: 0.0215528 },
            B: { x: 0.0063467, y: -0.0175761, z: 1.2256959 },
        },
        REFERENCE_WHITE: "D50",
        GAMMA: 2.215,
    },
    BETA_RGB: {
        RGB_TO_XYZ: {
            X: { r: 0.6712537, g: 0.1745834, b: 0.1183829 },
            Y: { r: 0.3032726, g: 0.6637861, b: 0.0329413 },
            Z: { r: 0.0, g: 0.040701, b: 0.784509 },
        },
        XYZ_TO_RGB: {
            R: { x: 1.683227, y: -0.4282363, z: -0.2360185 },
            G: { x: -0.7710229, y: 1.7065571, z: 0.04469 },
            B: { x: 0.0400013, y: -0.0885376, z: 1.272364 },
        },
        REFERENCE_WHITE: "D50",
        GAMMA: 2.215,
    },
    BRUCE_RGB: {
        RGB_TO_XYZ: {
            X: { r: 0.4674162, g: 0.2944512, b: 0.1886026 },
            Y: { r: 0.2410115, g: 0.6835475, b: 0.075441 },
            Z: { r: 0.0219101, g: 0.0736128, b: 0.9933071 },
        },
        XYZ_TO_RGB: {
            R: { x: 2.7454669, y: -1.1358136, z: -0.4350269 },
            G: { x: -0.969266, y: 1.8760108, z: 0.041556 },
            B: { x: 0.0112723, y: -0.1139754, z: 1.0132541 },
        },
        REFERENCE_WHITE: "D65",
        GAMMA: 2.2,
    },
    CIE_RGB: {
        RGB_TO_XYZ: {
            X: { r: 0.488718, g: 0.3106803, b: 0.2006017 },
            Y: { r: 0.1762044, g: 0.8129847, b: 0.0108109 },
            Z: { r: 0.0, g: 0.0102048, b: 0.9897952 },
        },
        XYZ_TO_RGB: {
            R: { x: 2.3706743, y: -0.9000405, z: -0.4706338 },
            G: { x: -0.513885, y: 1.4253036, z: 0.0885814 },
            B: { x: 0.0052982, y: -0.0146949, z: 1.0093968 },
        },
        REFERENCE_WHITE: "E",
        GAMMA: 2.19,
    },
    COLOR_MATCH_RGB: {
        RGB_TO_XYZ: {
            X: { r: 0.5093439, g: 0.3209071, b: 0.1339691 },
            Y: { r: 0.274884, g: 0.6581315, b: 0.0669845 },
            Z: { r: 0.0242545, g: 0.1087821, b: 0.6921735 },
        },
        XYZ_TO_RGB: {
            R: { x: 2.6422874, y: -1.223427, z: -0.3930143 },
            G: { x: -1.1119763, y: 2.0590183, z: 0.0159614 },
            B: { x: 0.0821699, y: -0.2807254, z: 1.4559877 },
        },
        REFERENCE_WHITE: "D50",
        GAMMA: 1.8,
    },
    DON_RGB_4: {
        RGB_TO_XYZ: {
            X: { r: 0.6457711, g: 0.1933511, b: 0.1250978 },
            Y: { r: 0.2783496, g: 0.6879702, b: 0.0336802 },
            Z: { r: 0.0037113, g: 0.0179861, b: 0.8035125 },
        },
        XYZ_TO_RGB: {
            R: { x: 1.7603902, y: -0.4881198, z: -0.2536126 },
            G: { x: -0.7126288, y: 1.6527432, z: 0.0416715 },
            B: { x: 0.0078207, y: -0.0347411, z: 1.2447743 },
        },
        REFERENCE_WHITE: "D50",
        GAMMA: 2.2,
    },
    ECI_RGB_V2: {
        RGB_TO_XYZ: {
            X: { r: 0.6502043, g: 0.1780774, b: 0.1359384 },
            Y: { r: 0.3202499, g: 0.6020711, b: 0.0776791 },
            Z: { r: 0.0, g: 0.067839, b: 0.757371 },
        },
        XYZ_TO_RGB: {
            R: { x: 1.7827618, y: -0.4969847, z: -0.2690101 },
            G: { x: -0.9593623, y: 1.9477962, z: -0.0275807 },
            B: { x: 0.0859317, y: -0.1744674, z: 1.3228273 },
        },
        REFERENCE_WHITE: "D50",
        GAMMA: 0,
    },
    ETKA_SPACE_PS5: {
        RGB_TO_XYZ: {
            X: { r: 0.5938914, g: 0.2729801, b: 0.0973485 },
            Y: { r: 0.2606286, g: 0.7349465, b: 0.0044249 },
            Z: { r: 0.0, g: 0.0419969, b: 0.7832131 },
        },
        XYZ_TO_RGB: {
            R: { x: 2.0043819, y: -0.7304844, z: -0.2450052 },
            G: { x: -0.7110285, y: 1.6202126, z: 0.0792227 },
            B: { x: 0.0381263, y: -0.086878, z: 1.2725438 },
        },
        REFERENCE_WHITE: "D50",
        GAMMA: 2.19,
    },
    NTSC_RGB: {
        RGB_TO_XYZ: {
            X: { r: 0.6068909, g: 0.1735011, b: 0.200348 },
            Y: { r: 0.2989164, g: 0.586599, b: 0.1144845 },
            Z: { r: 0.0, g: 0.0660957, b: 1.1162243 },
        },
        XYZ_TO_RGB: {
            R: { x: 1.9099961, y: -0.5324542, z: -0.2882091 },
            G: { x: -0.9846663, y: 1.999171, z: -0.0283082 },
            B: { x: 0.0583056, y: -0.1183781, z: 0.8975535 },
        },
        REFERENCE_WHITE: "C",
        GAMMA: 2.2,
    },
    PAL_SECAM_RGB: {
        RGB_TO_XYZ: {
            X: { r: 0.430619, g: 0.3415419, b: 0.1783091 },
            Y: { r: 0.2220379, g: 0.7066384, b: 0.0713236 },
            Z: { r: 0.0201853, g: 0.1295504, b: 0.9390944 },
        },
        XYZ_TO_RGB: {
            R: { x: 3.0628971, y: -1.3931791, z: -0.4757517 },
            G: { x: -0.969266, y: 1.8760108, z: 0.041556 },
            B: { x: 0.0678775, y: -0.2288548, z: 1.069349 },
        },
        REFERENCE_WHITE: "D65",
        GAMMA: 2.2,
    },
    PRO_PHOTO_RGB: {
        RGB_TO_XYZ: {
            X: { r: 0.7976749, g: 0.1351917, b: 0.0313534 },
            Y: { r: 0.2880402, g: 0.7118741, b: 0.0000857 },
            Z: { r: 0.0, g: 0.0, b: 0.82521 },
        },
        XYZ_TO_RGB: {
            R: { x: 1.3459433, y: -0.2556075, z: -0.0511118 },
            G: { x: -0.5445989, y: 1.5081673, z: 0.0205351 },
            B: { x: 0.0, y: 0.0, z: 1.2118128 },
        },
        REFERENCE_WHITE: "D50",
        GAMMA: 1.81,
    },
    SMPTE_C_RGB: {
        RGB_TO_XYZ: {
            X: { r: 0.3935891, g: 0.3652497, b: 0.1916313 },
            Y: { r: 0.2124132, g: 0.7010437, b: 0.0865432 },
            Z: { r: 0.0187423, g: 0.1119313, b: 0.9581563 },
        },
        XYZ_TO_RGB: {
            R: { x: 3.505396, y: -1.7394894, z: -0.543964 },
            G: { x: -1.0690722, y: 1.9778245, z: 0.0351722 },
            B: { x: 0.05632, y: -0.1970226, z: 1.0502026 },
        },
        REFERENCE_WHITE: "D65",
        GAMMA: 2.2,
    },
    SRGB: {
        RGB_TO_XYZ: {
            X: { r: 0.4124564, g: 0.3575761, b: 0.1804375 },
            Y: { r: 0.2126729, g: 0.7151522, b: 0.072175 },
            Z: { r: 0.0193339, g: 0.119192, b: 0.9503041 },
        },
        XYZ_TO_RGB: {
            R: { x: 3.2404542, y: -1.5371385, z: -0.4985314 },
            G: { x: -0.969266, y: 1.8760108, z: 0.041556 },
            B: { x: 0.0556434, y: -0.2040259, z: 1.0572252 },
        },
        REFERENCE_WHITE: "D65",
        GAMMA: 2.4,
    },
    WIDE_GAMUT_RGB: {
        RGB_TO_XYZ: {
            X: { r: 0.714, g: 0.1009296, b: 0.1471858 },
            Y: { r: 0.2581874, g: 0.7249378, b: 0.0168748 },
            Z: { r: 0.0, g: 0.0517813, b: 0.7734287 },
        },
        XYZ_TO_RGB: {
            R: { x: 1.4628067, y: -0.1840623, z: -0.2743606 },
            G: { x: -0.5217933, y: 1.4472381, z: 0.0677227 },
            B: { x: 0.0349342, y: -0.096893, z: 1.2884099 },
        },
        REFERENCE_WHITE: "D50",
        GAMMA: 2.2,
    },
};
